0.007438585639169399	285511.9416957566	9.973443505820899e8	909417.8841339435	8942.46073884124	4832.253509262457	407467.8359690325	44.58185463590011	14.24338635920107	5854.072602459978	80499.96540702033	6.3300287842608735e7	6516.677481625421	5.455270469162459	287.11949838016403	0.018909725219396434	0.9952486957669173
0.0074385856401756635	969.181655759637	3.4040565791291185e6	713770.3560909872	6023.02488118803	2.7749264401851036e7	1.6789193115368966e7	48.00891468072925	14.796719834736434	294.2092509111698	657047.6100357458	1.2404604046478176e7	1316.5702738823466	0.08966686789343524	4.719308836494734	7.32744433490994	385.6549649915559
0.007438585640472035	95.8351774333587	251990.3271610887	144061.6542059595	390.10402119010894	55748.794476790055	5.2519797810036653e8	195.81955215116335	24.451795669072382	113.78520910043126	50.855884722833224	1.2171176655545106e7	4259.074608986994	0.0015918393932329614	0.08378102069701734	0.003690702857311456	0.19424751880713145
0.007438585640915292	104.85928529441836	58273.129793017906	748237.7928698772	1572.4654896035402	7804.2991720483915	1.9888863332500112e8	3310.089344174171	586.7142613167728	71.56019555197172	15.234512685459535	9.09792878916374e8	1.0611844211429525e6	1933.2691562947543	101751.0082267026	0.09475147104619801	4.986919528756782
0.007438585641553264	52.78519879915013	234295.17092300352	54233.14999852168	5.45164905806081e8	4.66129385590969e8	1.1373175544358051e8	189.44965575747543	14.355966439324122	8.224460380356356e8	3.8233515122536914e6	3.1578641671130814e7	10786.978228219406	0.22435839712689623	11.808336690993382	870.8405361276682	45833.71242807057
0.0074385856418840175	82.79578339947068	60421.507600120996	80162.95013976208	302.08475585259237	8322.88927386034	1.9833250585080433e8	1096.406006240478	698.6147491489261	206.71962892060944	26.24713525295611	5.044904954084008e6	1246.5207145220534	2.314497007054648e-6	0.00012181563195103824	1.8999943761782344e7	9.999970401003195e8
0.007438585642030083	9.195075730047091e8	2.3182366988630504e6	237584.09068858472	7.65685288281675e8	47.292679483668174	1.6146718031447725e6	226.37410925087977	2.005198206836039e7	1.6534707498043615e8	17.133580067491483	3.4625894282099766e8	178141.18523053065	11.245812168625113	591.8848509704959	14.605318316154808	768.700964013155
0.007438585642033864	45.37648101652041	59867.18585424245	65544.39226332783	298.5524204418536	4745.296966339016	1.1111312985167998e8	998651.6135623223	237.29126617089048	295.7369230903469	31.61503643167666	2.565314587209781e7	9.401798625292433e6	1.882018805845277	99.05362136137914	1.0683121382937426	56.226954647508926
0.007438585642103146	250.21174260662744	49553.04373191242	32541.175909446338	472795.81825653143	38007.76965238772	9.991878591768736e8	1.0549288878767672e8	5.710890034379234e8	7.324247183295231e8	21863.664308403393	1.5344665808476818e8	16444.109650702427	63.76067333297059	3355.8249122834695	2.482933188685664e6	1.3068069414220172e8
0.00743858564211179	59.618918650622426	52047.2554976087	36599.386491476704	14.269992134985102	7.28726177064507e8	8.671512655991741e8	308916.23877179803	1157.2207480732131	113.82082063322831	2.797154132809644e6	2.562901602363732e8	9.004070885268513e6	301990.79057606927	1.5894252135686127e7	1.4877075927955111e7	7.830039961952332e8
0.007438585642224793	394096.21056145395	50677.26698648205	34298.30863036656	14.102197791316911	5.295563363878392e8	8.0568511589951e8	2064.060185966112	1.7299162246731758e7	258.3593770310681	4.709036361469299e6	1.5860090126898035e8	16907.843338426996	0.015403820552958527	0.8107273975269874	45.61498179370372	2400.78851541845
0.007438585642658441	4240.526473468958	1.2824951602188963e7	119479.17234173819	201.09332615606667	87.22601548407961	533348.3836762583	1534.127700046902	16.409092883139504	1659.7736348080955	1838.8784438613313	9.718543707475755e8	3.451746193866205e6	1944.847497716555	102360.39461732755	1133.2281753833986	59643.58817846212
0.0074385856427816865	89.64347608305465	51559.63746310436	73470.05647699519	9.306062454328716e8	21700.32010273683	5.650166296049119e8	3079.8615556685018	3901.8794110247777	7.394158323546194e8	25.56308845608873	2.1950869220550396e7	3461.098274211471	184.44444158590989	9707.60218857181	7.063928328422672	371.7857014974957
0.007438585643188716	6.081652502773381e6	9.947743041635633e8	1.2837916712479745e6	4984.031502855736	58.907683261207715	1.838139991144397e6	1041.8327348314895	381.8606890356991	163.2606362220774	15.366104570372325	2.0595402767567518e6	3946.90369555496	1.4050887853717481e-6	0.00007395204133413407	24.75046625748421	1302.6561188234432
0.007438585643433371	737.421376165382	848575.0916937351	47041.24556247419	20.541608331760415	9.999945964921083e8	6.431091325521657e6	421.92582951828723	52.54313392349257	56.48566975296345	2.2933531381016433e8	3.4543282595084007e6	2769.524146060244	223.69335891767832	11773.334679954509	1.2497651965386503	65.77711560666566
0.007438585643538819	34960.930445411956	49438.43116313482	43874.95907604698	14.089920835368904	9.703571812972897e8	4.0267208707010496e8	3.511505492484523e7	9.988884832012901e8	40.439553249885364	3.4599512740905466e6	9.430087211373192e8	2.69343345401715e6	0.13277118075533464	6.987956881856965	792.0764629353413	41688.23489160535
0.007438585643550025	285.0587030633386	675946.2544547354	58876.052280621065	38.50437686448367	4221.675716430043	1.0267898594746959e6	1284.4192533040039	25.50131300667668	244.72674663713164	17542.38363227654	3.91956673107934e6	9565.341322941818	1.0653948376538533e-6	0.0000560734125084628	0.06506940518166765	3.424705535899553
0.007438585643625116	99045.47743953601	50199.272206413174	44275.23814443414	20.66020683421036	127.5101332144588	1.4372329418217682e6	8.093375379550523e6	2.289506869421469e8	1925.3749538214245	4173.827437475057	2.8269327405869555e7	226535.52472194843	21534.86014520949	1.133413691860514e6	0.015398429740708545	0.8104436705638481
0.0074385856437889815	136227.36153072052	4.7713453707277423e8	2.903540927594174e7	9.558991106766025e6	39.137878188161075	372120.83021269314	136057.39234711608	14.244257992817204	3.791225482359671e6	13809.673947017163	4.556942487916117e7	1.4278284560364151e7	1.2992957266543416e7	6.838398561383184e8	85540.86727228947	4.502150909097193e6
0.007438585643886049	1.407422693082393e6	9.602277358455437e8	47034.28074089298	17.502310604723387	1.4539743091199133e8	9.973566418487796e8	7858.877043537517	80.48550034370881	39.215630491848074	175170.08169692906	4.297874767860265e6	70671.25482968739	4356.704020267149	229300.21158922187	2.5654953614208155e-6	0.00013502607165460654
0.00743858564394826	2.6993870973240662e7	193487.03185126628	44402.71296096738	1094.9893935541368	39.49418524687125	1.3962472115706995e6	308753.2479635222	9.264300290622363e6	331802.9437969139	4339.362450136118	9.034955613272692e8	4.8265220093462425e8	0.00003265372022404516	0.0017186168539083102	1.7693813318746593e7	9.312533325716743e8
0.007438585644031618	2257.5432830276327	1.0125011989140777e6	45652.203731634036	302.87878863460094	41.89124439384288	1.287361124961804e6	111059.37248650352	115.90260910052149	1.7237717315943795e8	9.639864061184548e6	7.242277109603566e8	1.7777616753242093e8	7.28054385859425e-6	0.00038318651887587726	558.0390475781212	29370.476188513483
0.007438585644773109	1.2153434692968108e8	57703.6473189949	32522.71307401024	15.124256192316643	574176.4755798726	8.272037758448634e8	350.78107840706684	9.710076755709573e8	2.342500460685975e7	3.9865824053286135e8	1.179183821772934e7	1030.8290823490843	0.3094372203795296	16.286169493803044	0.08041444676245069	4.232339303275467
0.007438585645315502	9.986621624840007e8	4.038261945925504e8	44152.42928766681	14.091837793910683	9.021999390873455e8	9.999986702119417e8	4168.245818421637	122268.55110154244	39.396333311682625	1.2697579512500304e6	9.998752490704852e8	9.685118639467107e6	1.0026222425119092e-6	0.000052769591711496846	2636.51638973706	138764.0205101857
0.007438585645420519	632.2841506498389	1.7132067715410313e6	52674.141197087316	2032.2405844262166	4586.017419304564	2.4498636775588937e7	43.88479384925363	21.28041575513038	3410.817788648645	188.6905425949604	3.76708107980556e6	329.4103627395162	1.066746336678471e7	5.61445440360746e8	15.017181748337435	790.3779867597503
0.007438585646001954	38.97345040344739	186099.1868459559	1.7163781319823482e6	2.7930871236729234e8	6.733837043581398e8	632282.4920752186	3.538212658829649e7	16.044279611215796	1.3397922765152045e7	9.997529890358374e8	4.806622388488351e6	2.5504930199769354e8	4919.316937610479	258911.41776469743	4433.347908547675	233334.1004460248
0.007438585646601602	324.2582211847027	1.186518675633746e6	9.41969358966244e8	1.2854591400883275e6	31658.26932654241	443027.7354247286	446149.9248818816	14.097391214885427	271.6161939029661	162168.03640459472	9.973061380264877e8	9.910218648010073e8	1.3987077692960003e-6	0.00007361619838447953	8.605990095023073e-6	0.0004529468471094284
0.007438585646712558	39.08929681822185	67264.14729329085	32530.547322115617	1188.1427945501332	26054.350218696145	5.882778069526733e8	5.000784955809036e6	7254.890777459871	2.0387068140465237e7	281871.0722170874	1.6452486947243598e6	75719.76523194785	299.844032275518	15781.26485634563	4618.270857125101	243066.88721309733
0.007438585647140627	42.13596427764188	197166.75828507487	36188.1148137862	9.112328520228587e6	1.3553576679071165e6	5.526897311962651e6	693.230601396009	14.101685858672543	2.3639103336590493e8	2.6249113293942916e6	8.2312952679149e8	993552.54561203	1.2674572025279841e-6	0.00006670827381769685	862.9909292018966	45420.575221448365
0.007438585651151531	8319.820479023032	681602.2683518141	48251.963736609905	19.41167369806252	79860.42593298621	5.3083252073461473e8	1869.2987107807348	650.9334558784303	40.16738565343361	171.2671942564902	4.810243795383626e8	1.9372642729667176e6	223.36664415163247	11756.139165951972	0.16850146974417743	8.868498407584791
0.007438585651733743	80.53357027502479	99024.16517856908	47706.749783765306	35.407086963500305	27101.86358094341	3.0439017678808695e8	6.808597003396982e8	10808.190898477098	76.02269461078953	103.98643436892101	864899.4312303582	5.090988835806316e6	0.04793053766770806	2.522659877246799	1.9466910759778023e6	1.024574250497715e8
0.007438585652740432	1940.1182314196747	2.277972908909948e6	58307.04685111215	76108.99777055126	39.78868002190719	1.074347942640251e6	1.2313403986980641e7	44.63451503818645	435374.9855678896	140.84419366217932	1.2143135258469086e7	3.2780317481382257e8	4045.2965247937054	212910.3434115819	171.59379231641083	9031.252227030394
0.007438585653306	13670.967282962161	1.0265679007614987e7	2.2056739298594156e6	107707.69850559127	33699.86781424148	6.977535396198987e8	40.29793596779831	66.15236735086486	1612.0579529030929	18.179217426093235	9.999915983397791e8	93205.77097495292	0.000030341514654531424	0.0015969218239331087	22.203628417038885	1168.6120219301195
0.007438585653558703	2.6433007601814282e8	69138.26026411359	2.878682593552148e8	1.3085669997975046e7	40.02872568364301	1.4236794888457616e6	5.087133700060512e8	9.999643940797267e8	1998.181137009769	14.091842285964843	4.463610377733894e6	9.974676719287053e8	1.0028397036359336e-6	0.00005278103703259867	314.18314583949945	16535.95504391114
0.007438585653998398	5.620460326134038e6	7.812628255723646e8	42673.360523556556	2.2984064470215045e7	65.43792543598272	1.6891830711030106e6	96.38232125197453	828.3536740124581	9.321937688477619e8	764.4774201027909	753502.5653016857	72.46640157550846	0.07259213864844516	3.820638876214855	1.0096741259003987e-6	0.000053140743468788184
0.007438585654227929	49.77912908925475	219332.86125145608	49917.35622765792	5.526296885688815e7	1210.4083778003676	1.2175313378535116e6	272.23875301262694	14.508120116825479	8.118140104355224e8	8311.924659149756	2.5298441309028223e8	123786.23901162241	0.8261973510028087	43.48407110518359	0.0017310125515875591	0.09110592376835973
0.007438585655389827	35146.09435927856	2.71420099095241e7	62927.06383773377	53.39037685519707	35018.4830333466	3.074639344618903e8	124.42205207725992	167.66701510531016	57.20006891841893	87.54874296626666	697570.1787266822	77.01375762078382	53.11030068344065	2795.2789833571896	45043.62683267466	2.3707172017351612e6
0.007438585657520045	171694.00267329544	4.732180518016322e8	33779.22484527112	3.4217815265959695e7	9.999999726222634e8	9.576371242357549e7	38.98843828301084	28.558371441940782	9.754762771420715e8	1.1465399506807804e8	1.155815593569269e6	65.77791653496429	1.0000030550745672e-6	0.00005263173974110954	48.93891455279424	2575.7323449006853
0.007438585658191229	276306.31015172205	9.687267534981619e8	50496.86869582486	5.1771274414039963e8	9.225639492907017e8	9.596080460918671e8	38.9805796889189	14.108032717647843	9.365933066755357e8	1.0013898198304428e6	4.617675625668675e8	41811.13899865414	1.8746801792836446e7	9.866737785767663e8	66217.75499355937	3.485144999683721e6
0.00743858565834895	6.356174845917204e7	9.784473054399023e8	758388.3359660135	20049.304255941992	40.74155107214365	1.432633766108505e6	9.970353397514441e8	9.203210662106054e8	1230.5180143400928	15.092410125407635	430111.34228310536	3477.809947762747	7.015273573128957	369.22492490052844	1081.956411493144	56945.07428948378
0.007438585658603966	9.846058923516539e8	5.166954747319616e8	1.5571601210329875e6	569193.2398920017	39.09868401935743	1.3989474730651807e6	9.87978938272853e8	5.634072471779875e8	16638.598347293937	14.505306722973799	430201.1826838565	165165.75279051898	1.0250327871300701e-6	0.00005394909405858657	0.05548196226303169	2.9201032769870707
0.007438585659041175	119.885361492228	410326.52664365637	3.434881474724455e8	2.0380083281406716e8	229.4079253524884	399979.1637244605	98.19912855497151	32.05847913345204	263420.1181999229	2903.364091451429	1.0020068919673378e6	103.03094785307525	0.22761104550198097	11.979528710598274	1.790284279626289e7	9.42254884019974e8
0.00743858565907052	401398.1868864949	2.4966397048852676e8	71834.92103871462	80.76040662868029	93.69377279996982	1.331554077133607e6	6.86260342488029e8	9.999813115881128e8	135.81345313757302	96.91877073381991	430173.09052250243	54.5324411818376	1.0207378463061517e-6	0.000053723044542778984	21.898105993749166	1152.5318944153576
0.0074385856592007835	39.119744068693706	49568.98752022151	240751.49935542018	4.445473868111409e8	10663.24814366945	2.8057011917713326e8	1.5804902877626958e8	14620.942009223727	6.950348004737063e7	16.310949009008436	9.509473134030732e8	9.320872990171566e8	582664.3677600789	3.066654567178286e7	1.0001352793921997e-6	0.000052638698914509756
0.007438585659251792	2.4737469911678876e6	8.902833980399733e8	48173.20179564507	23.42221088842281	7.148912873210806e8	1.1822736457071292e8	196.72656087920294	704.4753808751778	49.07900545390771	6.959393254327418e6	534241.9729275851	47.627476526364994	35602.70561153266	1.873826611145504e6	0.09970872331231709	5.247827542739381
0.007438585660130999	112399.935441524	3.9317674684463835e8	4.510239407756218e6	5370.086242534742	5.934752560062459e8	9.956975753560581e8	1.0662202491441563e8	3937.047283500216	39.00128587674025	222611.8901129249	431691.4348351575	383993.0257128467	0.0000121213716283296	0.0006379669277962864	3.221881371776381e6	1.6957270377490464e8
0.007438585660194257	48563.34582244327	8.97317375900047e7	57312.865885478546	34.0116973741444	312.19068570907325	856708.3632377929	1.7801627698780415e6	26.80568746357167	131425.19267034926	920164.5046070869	2.4206597174010667e8	9.99595203724734e8	820.5365975665496	43186.13671331584	0.000052850098252270954	0.0027815841184946444
0.0074385856604250655	2.0214228604162008e8	7.425917064512118e8	45212.35950033681	15.231027654855069	9.949495540331064e8	3.8452048746060533e6	9.039753381925013e6	6.377329194399163e8	59.32542337683932	5.1954914093400186e8	430125.7043043147	190.6844792784338	1487.7391843847465	78302.06233654934	222401.59417768795	1.1705347061790299e7
0.0074385856605492925	970796.7700371874	9.992847316383363e8	33221.39509843984	19.953213815955376	8.447951237467989e8	3.3294074200893253e7	40.72184573995405	48.06059003278527	1888.7182720072992	9.097678843362368e8	3.9055161544973934e8	36936.2799788959	1.037930825974083e-6	0.0000546279382095181	1.104781309313165e-6	0.00005814638470107166
0.00743858566109251	325026.03055136796	8.235967586146797e8	3.335418978650449e8	9.617379555729216e8	95209.5284575244	370726.15472499205	39.01411445248473	34.4891440856933	9.679157701936294e8	9.829569632788383e8	989808.961650167	50.76795342842977	86.31548688317156	4542.9203623017775	1.000217757556706e-6	0.000052643039870536333
0.007438585661202367	3.0179049134183098e6	9.722408970219842e8	6.467528417385736e6	8540.104034237544	139668.8307863926	1.9704853837692672e6	405.0444444610288	4148.846036898812	53.20026508469035	32560.508284758194	446622.96667760675	15.550468596747963	1.0118714325425292e-6	0.00005325639118556954	4.803581674740268	252.82008814645377
0.007438585662456266	255.60219528622088	359885.1203932881	88832.49853203281	109.59291265351276	2.742273443668638e8	750857.6656502547	222689.55990528327	337665.10454315133	285.63020313562805	9.641007728637905e8	498600.99493158335	26.83261789284481	7.235950481045156e-6	0.000380839499004857	0.0014277777188380864	0.07514619572880979
0.0074385856625452775	3.787792726073953e7	3.2845010374420935e8	9.953687271883203e8	1.2069141300768626e6	3449.8465452305627	9.082027338715243e7	9.99783955663569e8	3.5348437051200545e8	39.58003366391305	14.137629155324397	430159.8796972439	16120.503529158637	0.007808429729142217	0.41096998574038035	5.795020026202318e6	3.0500105401263446e8
0.007438585664143476	596.2692813319791	188522.0070394653	183189.41482561312	14172.6413808412	2.3888272503075352e8	908213.9730874723	9339.509666961852	131132.73918000612	6068.648198939987	2.352415508484439e8	583809.0991295971	15.109831542685672	856.4865115852211	45078.237452147376	0.42750580434730007	22.5003054919543
0.007438585665142603	55827.50870493328	186108.45849508126	94837.5517666778	8.12458641731125e8	7.352095212036651e8	978675.6157637755	698625.0931501787	9.999993652695954e8	9.99999269067656e8	9.998327662925334e8	585575.2905566989	14.099528974699258	1.8680774608292464e7	9.831986635781077e8	2.636519967506728e-6	0.00013876420881704746
0.007438585665586511	105.14169502311418	158671.53896941227	69420.05596585036	512259.04846278235	1053.5100895090902	7.452392843772877e6	1791.3266162452803	2756.97974221027	497699.30466243776	108.7129612370255	635569.3953147428	31.439491026013698	1.2713241012199537	66.91179480025349	1886.4068293578932	99284.56996685163
0.007438585666101371	2.4047643256424866e6	7.076514605758685e8	6.712614574165423e8	3.2849510410210377e8	2038.3475012575307	2.891034634530243e7	39.838748549669184	350.2043421448587	16115.948245418955	26.473983263611494	826403.3531030627	36.70498940439603	0.003358916297909432	0.17678506831054602	8.08310949935786e6	4.254268157486513e8
0.007438585666654815	39.012376520121514	186225.90867587482	7.79466062039115e8	9.999899866832101e8	7.163462453088537e8	663399.5298501682	9.998372629367061e8	71867.63963997373	94518.58375735782	9.070742538051884e8	585545.0361810903	196071.216967976	1.077130474587704e6	5.669107761024843e7	1.387788444878889e7	7.304149709936469e8
0.007438585666726076	4.376314731882199e8	508482.95130556356	44282.280947499654	14.116115397948663	1.4457595154521032e6	7.163536632291475e7	1.5264231027062697e7	4.7825878708706975e7	39.747773864500445	28692.760141470182	3.168478364909931e7	9.999767845473876e8	0.41712675016172845	21.95403948233924	1.0000004355110386e-6	0.00005263160186813298
0.0074385856668976935	42.80841123445077	199533.76947588872	5.504630057308424e8	1.594575889592455e7	808.5901495788485	372576.1916954676	1.6182970458175817e8	1622.7666346119254	184690.32282860906	157767.037298757	576667.113002773	1.4175409899228867e6	1.1134156893261404e-6	0.0000586008257543891	1.6777712821471337e7	8.830375169049653e8
0.0074385856669445275	38.97555863144997	184117.24491705815	32546.802135233993	981.246222625067	7.373970759219438e7	3.7779919492273873e8	3.563296127201791e6	14.348721025214646	4.759750427787333e6	3.5134291361416584e8	1.6556478715896827e8	9.999994865236545e8	751091.1165690913	3.953111139772049e7	0.0031825942757794856	0.16750496188190778
0.007438585667056617	131.95050237557388	162004.6321117988	32520.235313556954	104.61951937620555	908781.8157125796	9.999998019316499e8	674195.1276537934	1.6078689229367215e6	2.872859558572848e8	9.253186943893278e8	618870.7007248292	24.283634406713407	634.0255201455287	33369.76421840309	1.8502281547534164e7	9.738042919818255e8
0.007438585668364882	56.542386607208385	130352.31843892322	37664.86812868076	48.064472053895436	72662.14384060276	3.658238226596411e8	8.266063228699556e7	2.177439857397589e7	305.26182135092006	541.7475430241459	692668.1239159202	131.04747257016092	0.000049415132893180733	0.002600796468079085	2.895237797518685e6	1.5238093671250203e8
0.007438585668984995	2.3820101391624263e6	4.1137680047923755e6	32613.17958735501	14768.332543277835	437279.2023059005	1.3403876724692348e8	40.805990315634	111739.31147528034	3.237726051184778e7	2.6595368249902055e6	587614.9005122567	14.27612080390713	58.03260740585625	3054.347758222856	0.00033089491034705727	0.017415521597326993
0.007438585670405976	423.0068671043018	49559.48639636974	93089.46580565147	1.6872449543416712e7	159.6941465228476	4.56912762572927e6	72694.27616522422	523332.8503501943	1.0343084792018784e7	22.740604476554577	2.0189749141054785e8	27502.43750076054	1.4345193869296674e-6	0.00007550102036521114	489.8374154869207	25780.91660474273
0.007438585671131382	40.214305950110905	129492.75828224128	33354.41872374231	32.875335699786774	9.48690206164456e6	9.078918461875621e8	1.5362169263639474e8	28.778593527322048	1283.560913064359	155155.11806667256	5.050045493472923e6	9.618527480927289e8	0.1927012561780428	10.14217137769432	1.8999978051832024e7	9.999988448397763e8
0.0074385856713407575	38.978306743844776	184227.51340117634	32520.452985476688	1240.2237639069087	1.6245630601140602e7	9.999961292928731e8	1.7075990190244663e8	20265.159297415496	1.809262164378961e8	8.787647768728635e8	588147.9063555804	120471.90368663573	11.330239727996954	596.3284067405666	8.745390468067671e-6	0.0004602837088486647
0.007438585671684269	43.532219807354906	180934.95080094642	32614.73894041094	370.282325215137	3.3639555357055104e8	4.925244244891916e8	2.915981814769157e8	3.399882393480887e7	146749.8937731617	1.0066017157371041e8	591680.1621124849	140.2785357896591	0.000016121059265544814	0.000848476803455254	1.5353781039679626e7	8.08093738917165e8
0.007438585774377281	6.496299520836966e8	307022.918836472	8.823198521712642e6	9.976111558655763e8	8.118224934552234e7	402242.62544206413	98.95329195041705	9.997715356556437e8	4.910793995808022e7	9.99454048203061e8	585573.6591521809	14.089683445627312	1.0000027388826667e-6	0.000052631723099430564	27638.58115516075	1.4546621660705677e6
0.007438587235406254	21400.742189910517	2.1051807182120997e7	1.0821468573420575e7	1.9948965390386053e6	39.30761356305671	1.115356565401649e6	196512.61071982732	50.60383287532702	9016.214718988362	19.65339161621157	8.692512366707353e7	3.942562556493435e7	1.871116259930331e7	9.847980315486943e8	1.4167444185272614e-6	0.00007456549571244684
2.961446503722834	46.47579278167686	9.998987002520278e8	35937.68795743569	26.051905034714867	20550.385649066702	1.0042454990636974e6	1.5383134333381692e6	3.5208272325634016	257.42701133659256	1055.9512711559005	455474.67633475113	83379.84197542166	184.45547793675507	9706.36434674344	446.6939851873089	23523.49218666306
2.9644187947306557	72.20232930938344	253146.83410487173	9.973569770457613e8	2.598994053403612e6	9.999960963430079e8	9.767029910007324e8	9.137256728970965e8	334893.20251518366	169.39232663282164	9.992404217065337e8	430268.0983149106	29.215523071745114	1.0022529336073338e-6	0.00005275014847096874	1.0001173337018964e-6	0.00005263758945728989
2.9644194878480996	73.25323777346235	136730.40758589923	3.1821163297686037e7	9.999996229057099e8	3.7196009339830124e8	6.945477171721084e8	9.999998760979038e8	8.795126848915564e8	3.768673504989913e6	9.986933994661093e8	430201.9568782182	0.022073825277156824	0.0015454424306639018	0.08133907529675699	71.2325315345079	3749.0806071037828
2.9644216358111315	117.22667803487403	411142.86855396326	3.78798270924183e7	209664.19180802393	86.61183923598473	9.973001614110707e8	33827.921919803506	0.011897237225324068	421.4133843279111	116.06486861012648	1.863418461832108e6	112724.2624946978	9.383617277777336	493.874593569308	0.0008066475252273865	0.042455132906003515
2.9644217639408086	8.435998747550931e8	252212.48410217368	5.0716863632564455e8	9.986024312349063e8	3.539336917002741e7	9.522834221292217e8	85.22362588699718	9.999988014361008e8	162250.60653079374	5.431776253739886e7	430187.69535716966	0.009056773175333393	1.0001933330698684e-6	0.000052641754356683665	1.881598478904839e7	9.903149889037365e8
2.9644218018440722	8.835765897409375e8	9.946925115764629e8	32555.867429082668	0.07160559436516604	228.27702142592372	5.252496952375423e6	2135.7756769116495	4.9054867154761183e8	50.2015118820724	7.222384465328827	549923.4494659597	382.65273519864724	238.19964134825761	12536.823228648656	0.044643752280158176	2.3496711726119277
2.9644247809698387	19892.520682284674	6.976521862038238e7	180530.53524508548	4943.223367966896	40.53764655027373	9.253476209313012e8	53004.39746624067	0.007342433016769742	54998.23347453277	2013.1427721524412	9.840052275800979e6	1.159684794052076e6	31.99061230841911	1683.716437334952	1923.719912989757	101248.41647380473
2.9644251989930974	144.59021479930672	507120.3864532444	149662.1436758666	192.36829079990412	2.716727804013594e6	9.999995308714212e8	122658.38263442072	0.006734414179123884	19686.34626484364	9.992263870039961e8	6.4808765783686414e7	1.8359249668354016e7	2.702333770356472	142.22809317692784	9961.083903669185	524267.5738686688
2.964425479406656	949.0877760553492	1.6782559098712637e6	192384.81335172564	374588.81532172667	42.45241612219586	9.96157641295265e8	7.083758684771119e8	6.966058146114208e8	3.252498888057762e6	1770.373226427955	430094.6473504053	0.013028600220997182	1.851140986988152e7	9.742847300001124e8	1.0210210837784427e-6	0.00005373795177692546
2.9644254880196974	77.67641773884543	272449.8483030438	367072.6547860211	6.914727349729085e8	79.46403794053961	9.550289146917465e8	4989.126135189515	0.006783318686730033	9.560197690825346e8	1051.2406040375351	8.830685012762256e6	97440.01980935926	0.000013029792898142785	0.0006857785735751388	6.192556261923593e-6	0.00032592401378007095
2.9644260224645596	38.99731438109017	136794.56966967456	2.0999760454039156e8	4.482062082656277e8	1.4151468264996575e6	9.99998861994019e8	1.2557153062318475e6	0.00599824629902741	541454.7600170457	9.626524885525474e6	3.4293784740339357e8	9.998554220391991e8	4.595120003350991e6	2.418484212250056e8	0.00006804350887458334	0.0035812373091294635
2.9644262589580306	285369.13134826056	9.999894234536695e8	2.785189900294697e6	3695.896120174447	517.0345017340902	9.610452133389193e8	1234.391443095688	1.0820996138169547	838.9934453515109	9421.479616093899	432408.34721783234	6.6567343184246965	1.0138192325433676e-6	0.00005335890697631429	0.47263771841182195	24.87566938997153
2.964426614264552	9.999954300007311e8	9.990706239158182e8	1.754469722202113e8	9.956750741182128e8	39.00220819491183	9.625585616625907e8	98004.83150771055	3.439489781207507e8	2.416750688112456e8	51043.708790441226	430088.2001455602	0.005431988634036666	1.8613220303258337e7	9.796431738620833e8	1.88825936365696e7	9.938207176977797e8
2.9644270559941734	9.700709699614218e8	9.999973740202801e8	32512.258729781704	0.004926848820628822	4.033619964697098e7	1.1165631504259468e6	511178.93579504936	1.596729100939476e8	479.3302800434181	4.557142224371706e8	9.788003858911843e8	9.984996435273055e8	4.153730943665117	218.61741808855842	1.8964968676643956e7	9.981562461456575e8
2.964429227697946	199.28658556896755	9.351355395636297e8	32508.269777473895	0.001295186576863374	822.9435197665391	6.050535006716905e6	460.1787003451755	1294.7790615575984	1.0204850077287871e7	2.631879758684199e7	5.392601034255362e6	708.2468554993316	0.0009399454063936607	0.049470810863146496	0.035845429942359106	1.8866015759128945
2.964429249608513	13526.227431291958	9.988621856052586e8	151515.52713767294	877.5837532367422	614.1681712595978	1.6161387723405367e7	711.1088108309933	176778.7720970746	239.71863711822218	0.0010154755384504676	7.22637248123935e6	798.6958758258844	0.010471030596794663	0.5511068735140225	219030.0187660869	1.1527895724605981e7
2.964429252896022	79.47959306709639	9.999896223719096e8	232288.1811082791	9.806326955369091e8	115.72813746765537	3.045318966320793e6	2357.5162553995106	751.7003326941287	1.595721276276559e8	0.0009050533851558284	3.82209448190029e7	19808.21813506768	9276.90840739108	488258.33723428997	308.06234788999365	16213.807783416156
2.9644292575586344	508.46720046066287	9.578254006276667e8	32508.725394759356	0.0013439785785320827	95.05301334800588	1.1221681218484207e6	2.826315019423259e7	3.4785290647985614e6	8.000231723142017e7	9.832148358253832e7	2.2393372673226725e7	210941.45052394894	0.03673323812194179	1.9333283222111535	4051.4910053125877	213236.36869714156
2.9644292584461893	241609.44223658327	9.753713678429043e8	32508.76642830935	0.0022880861920895534	57.45676721691407	1.0257553123728364e6	6.9409046411253e7	8.527770049472358e6	5.527107911636475e8	2.619839981302777e8	1.6178600908743486e8	7.174363953536317e8	5577.848474398219	293570.9723386606	3985.279869462419	209751.57207350578
2.964429258837263	13272.363061385808	9.664308387299856e8	32508.608537229557	0.0010054248867349097	197.15879209953562	1.407834439227965e6	28068.597253753993	2.554128311759708e6	3.559522343957425e8	9.558036435267998e8	3.645690502346677e7	12154.67269435566	1.8811473578973714e7	9.900775567717441e8	1.0343043595949462e-6	0.00005443707155672989
2.964429263580967	305151.4288003994	9.999257146176202e8	64818.26502869829	9.916526942601908e8	38.98315344572916	1.025832311754099e6	9.748925831059234e8	9.943450897124935e8	9.977670692255566e8	0.0013975465093202784	9.035253267679563e8	6.2802481966483e8	1.718325175459081e-6	0.00009043816712793201	1.000000383633775e-6	0.00005263159915835277
2.9644292636669887	776556.2149578661	9.986958559227786e8	32509.005575635834	8919.830849798122	39.82840300395473	1.0480741728950161e6	2.3436511251684777e6	9.997039117357471e8	9.632227020827106e8	75.35170909626919	9.995682076558203e8	4.226024773463131e6	13791.496120969903	725868.2168811673	3955.5357177953924	208186.09041163969
2.9644292642453682	5666.670075601637	9.997990850288982e8	32508.712815529216	0.0006966983455878366	9.999994683332443e8	6.704601610470121e6	9.915361633103218e8	1.8101958572131936e7	46.394776180133526	1.820937282976369e8	9.759986221521707e8	7.038301580098497e8	0.00025466555996853747	0.01340345052443855	1.0105269998972098e-6	0.00005318563157510845
2.964429309301845	7.197298886888816e6	9.235038584152904e8	32508.8958754339	0.0009077472710030284	45784.091654611555	1.8345568656465268e8	9.67208943085457e8	6.73989415036526e8	39.192567296492946	218.19479201851615	4.250929559090456e7	9.997056126596004e8	2836.299352570565	149278.9132941602	1.848376869498996e7	9.72829931321598e8
2.964429438317356	1237.4954014946986	9.940612995171962e8	35938.83731789463	1113.786040803869	37880.5140937579	9.967978445754739e8	3700.8054983861284	112016.89712106875	10553.646000130891	0.00741932480967651	9.039247238615239e8	84969.96839008614	1.899997768040246e7	9.99998825290852e8	1.0002504252763384e-6	0.000052644759323600795
2.964514882643368	39.06503126809739	137035.6517949775	9.999994675964174e8	5.106043570353504e8	3.3515931881492984e8	9.754605438024209e8	7.044398907471824e7	0.009326127618841462	66055.07540573436	9.99870177098177e8	1.7745545728882859e6	2.211309651557272e8	89453.3171099708	4.708069321608079e6	1.207543377928908e-6	0.00006355491462825125
4.051696785709288	2004.0474538581163	9.752270906889516e8	25938.210996758735	0.00013404928622244824	116.5414894584452	4.633468119484177e6	8.428550685122532e8	7.610983693879935e8	5.130100819920717e8	9.999994675503658e8	2.5633001225151e7	167113.1472282779	0.0033780256195932046	0.17779082208460154	0.8483605918975354	44.65055746786251
5.702926215540108	150.32972564290864	1.0777835970809432e7	5.698774352512161e6	192067.11332859023	1.0398436366840735e7	9.98770609697889e8	3.655190200892059e8	9.999994675273379e8	100225.45106711795	9.990064621677877e8	405674.1310310837	0.00008107984133655159	430183.8073418434	2.264125301813924e7	0.001152602260126567	0.06066327684776504
5.918636559315032	51.22453813811671	9.832903244335055e8	1.4360363255501755e7	126286.91807484854	1.9951766794091647e6	9.999876492631152e8	360.0015908314102	0.000028555099659850424	344.451788321534	436667.532484963	509554.1352902465	78.12508406740331	0.012915694803090487	0.6804047220813172	0.09269849120626536	4.881237579606994
5.9188785593303015	39.573454034602506	9.999304795208884e8	85138.85636061427	18215.472677844304	5936.989234039263	9.999966248304137e8	23591.20166139728	96.21755609915567	292234.0306894941	148340.81911869577	430360.27087173	0.0002990945860420334	0.000019517843272401214	0.001027461706752058	47.87105351417136	2518.1926957164296